  -2.1677526e+02  -2.3815126e+02  -2.4767157e+01  -2.7209422e+01  -6.5032578e+00  -7.1445377e+00
   6.2646038e+00   1.0504143e+01   7.1574784e-01   1.2001266e+00   1.8793811e-01   3.1512429e-01
  -2.2346500e+02  -2.4550066e+02  -3.4309474e+01  -3.7692697e+01  -2.2346500e+01  -2.4550066e+01
   6.4579310e+00   1.0828304e+01   9.9151194e-01   1.6625127e+00   6.4579310e-01   1.0828304e+00
  -3.7045028e+02  -4.0698002e+02   0.0000000e+00   0.0000000e+00   0.0000000e+00   0.0000000e+00
   1.0705669e+01   1.7950678e+01   0.0000000e+00   0.0000000e+00   0.0000000e+00   0.0000000e+00
  -9.5462398e+01  -9.5045085e+01  -2.9767391e+01  -2.9057845e+01  -8.8608882e+00  -8.6200140e+00
   4.0453474e-01   6.6238731e-01   7.1656495e-01   1.0738614e+00   2.4431559e-01   3.6328031e-01
  -9.5780692e+01  -9.5383110e+01  -3.8492540e+01  -3.7636246e+01  -2.7134136e+01  -2.6475013e+01
   3.8503418e-01   6.3203812e-01   8.6288116e-01   1.2983531e+00   6.6604785e-01   9.9704516e-01
  -9.8929785e+01  -9.8782336e+01   0.0000000e+00   0.0000000e+00   0.0000000e+00   0.0000000e+00
   1.4036000e-01   2.4190572e-01   0.0000000e+00   0.0000000e+00   0.0000000e+00   0.0000000e+00
