  -7.9848503e+00  -2.7437549e+01  -9.0297018e+00  -3.1027869e+01
  -6.5032578e+00  -2.2346500e+01  -7.1445377e+00  -2.4550066e+01
  -6.7415380e+00  -2.3165279e+01  -6.8194988e+00  -2.3433168e+01
  -6.5005108e+00  -2.2337061e+01  -6.9880903e+00  -2.4012482e+01
  -8.8971259e+00  -3.0572312e+01  -1.1187648e+01  -3.8443005e+01
  -6.4353140e+00  -2.2113031e+01  -7.1224505e+00  -2.4474170e+01
  -6.4217350e+00  -2.2066371e+01  -8.4044081e+00  -2.8879234e+01
  -5.9592613e+00  -2.0477219e+01  -6.3573400e+00  -2.1845097e+01
  -7.1411647e+00  -2.4538476e+01  -7.9913921e+00  -2.7460028e+01
  -6.0188803e+00  -2.0682082e+01  -6.6657169e+00  -2.2904742e+01
  -1.0767181e+01  -3.2204021e+01  -1.0767878e+01  -3.2205828e+01
  -8.8608882e+00  -2.7134136e+01  -8.6200140e+00  -2.6475013e+01
  -9.1701975e+00  -2.7974383e+01  -8.2444894e+00  -2.5439045e+01
  -8.8573163e+00  -2.7124392e+01  -8.4394591e+00  -2.5978191e+01
  -1.1921074e+01  -3.5148676e+01  -1.3164636e+01  -3.8219675e+01
  -8.7724983e+00  -2.6892755e+01  -8.5945450e+00  -2.6405075e+01
  -8.7548227e+00  -2.6844417e+01  -1.0061104e+01  -3.0356266e+01
  -8.1507785e+00  -2.5178923e+01  -7.7078883e+00  -2.3940864e+01
  -9.6865942e+00  -2.9361892e+01  -9.5912012e+00  -2.9107015e+01
  -8.2288718e+00  -2.5395738e+01  -8.0662842e+00  -2.4943835e+01
